%% Fream Stream Conditions

Jx = 0.1147;
Jy = 0.0576;
Jz = 0.1712;
Jxz = 0.0015;
S = 0.2589;
b = 1.4224;
c = 0.3302;
s_prop = 0.0314;
rho = 1.2682;
k_motor = 20;
e = 0.9;
Va = 10; %m/s

%% Lateral Co-efficients

C_yo = 0;
C_lo = 0;
C_no = 0;
C_ybeta = -0.07359;
C_lbeta = -0.02854;
C_nbeta = -0.00040;
C_yp = 0;
C_lp = -0.3209;
C_np = -0.01297;
C_yr = 0;
C_lr = 0.03066;
C_nr = -0.00434;
C_ya = 0;
C_la = 0.1682;
C_na = -0.00328;